-0.3000                -0.2274                -0.2620
-0.2900                -0.2168                -0.2489
-0.2800                -0.2067                -0.2362
-0.2700                -0.1971                -0.2240
-0.2600                -0.1880                -0.2122
-0.2500                -0.1793                -0.2008
-0.2400                -0.1708                -0.1898
-0.2300                -0.1627                -0.1791
-0.2200                -0.1549                -0.1687
-0.2100                -0.1473                -0.1587
-0.2000                -0.1400                -0.1490
-0.1900                -0.1328                -0.1395
-0.1800                -0.1257                -0.1304
-0.1700                -0.1187                -0.1214
-0.1600                -0.1118                -0.1128
-0.1500                -0.1049                -0.1043
-0.1400                -9.7990E-02            -9.6139E-02
-0.1300                -9.1000E-02            -8.8147E-02
-0.1200                -8.3890E-02            -8.0361E-02
-0.1100                -7.6730E-02            -7.2769E-02
-0.1000                -6.9530E-02            -6.5365E-02
-9.0000E-02            -6.2290E-02            -5.8139E-02
-8.0000E-02            -5.5050E-02            -5.1085E-02
-7.0000E-02            -4.7820E-02            -4.4194E-02
-6.0000E-02            -4.0610E-02            -3.7459E-02
-5.0000E-02            -3.3410E-02            -3.0875E-02
-4.0000E-02            -2.6260E-02            -2.4435E-02
-3.0000E-02            -1.9160E-02            -1.8133E-02
-2.0000E-02            -1.2130E-02            -1.1963E-02
-1.0000E-02            -5.3710E-03            -5.9205E-03
1.0000E-02             9.5380E-03             5.8033E-03
2.0000E-02             1.7450E-02             1.1494E-02
3.0000E-02             2.4890E-02             1.7076E-02
4.0000E-02             3.1980E-02             2.2554E-02
5.0000E-02             3.8760E-02             2.7932E-02
6.0000E-02             4.5340E-02             3.3214E-02
7.0000E-02             5.1730E-02             3.8402E-02
8.0000E-02             5.7940E-02             4.3502E-02
9.0000E-02             6.4000E-02             4.8515E-02
0.1000                 6.9880E-02             5.3445E-02
0.1100                 7.5610E-02             5.8294E-02
0.1200                 8.1180E-02             6.3067E-02
0.1300                 8.6640E-02             6.7765E-02
0.1400                 9.1970E-02             7.2391E-02
0.1500                 9.7160E-02             7.6948E-02
0.1600                 0.1022                 8.1438E-02
0.1700                 0.1071                 8.5863E-02
0.1800                 0.1119                 9.0225E-02
0.1900                 0.1166                 9.4527E-02
0.2000                 0.1212                 9.8771E-02
0.2100                 0.1258                 0.1030
0.2200                 0.1302                 0.1071
0.2300                 0.1346                 0.1112
0.2400                 0.1388                 0.1152
0.2500                 0.1430                 0.1192
0.2600                 0.1471                 0.1231
0.2700                 0.1511                 0.1270
0.2800                 0.1551                 0.1308
0.2900                 0.1589                 0.1346
0.3000                 0.1627                 0.1384
0.3100                 0.1665                 0.1421
0.3200                 0.1702                 0.1458
0.3300                 0.1737                 0.1494
0.3400                 0.1773                 0.1530
0.3500                 0.1807                 0.1566
0.3600                 0.1841                 0.1601
0.3700                 0.1875                 0.1636
0.3800                 0.1907                 0.1670
0.3900                 0.1940                 0.1704
0.4000                 0.1971                 0.1738
0.4100                 0.2002                 0.1772
0.4200                 0.2032                 0.1805
0.4300                 0.2063                 0.1838
0.4400                 0.2093                 0.1871
0.4500                 0.2123                 0.1904
0.4600                 0.2152                 0.1936
0.4700                 0.2181                 0.1968
0.4800                 0.2210                 0.2000
0.4900                 0.2237                 0.2031
0.5000                 0.2265                 0.2062
0.5100                 0.2292                 0.2093
0.5200                 0.2319                 0.2124
0.5300                 0.2346                 0.2155
0.5400                 0.2372                 0.2185
0.5500                 0.2398                 0.2215
0.5600                 0.2424                 0.2245
0.5700                 0.2449                 0.2275
0.5800                 0.2475                 0.2304
0.5900                 0.2499                 0.2334
0.6000                 0.2524                 0.2363
0.6100                 0.2549                 0.2392
0.6200                 0.2573                 0.2421
0.6300                 0.2597                 0.2449
0.6400                 0.2621                 0.2478
0.6500                 0.2645                 0.2506
0.6600                 0.2668                 0.2534
0.6700                 0.2692                 0.2562
0.6800                 0.2715                 0.2590
0.6900                 0.2738                 0.2618
0.7000                 0.2761                 0.2645
0.7100                 0.2783                 0.2673
0.7200                 0.2805                 0.2700
0.7300                 0.2827                 0.2727
0.7400                 0.2849                 0.2754
0.7500                 0.2870                 0.2781
0.7600                 0.2890                 0.2808
0.7700                 0.2911                 0.2834
0.7800                 0.2931                 0.2861
0.7900                 0.2951                 0.2887
0.8000                 0.2971                 0.2914
0.8100                 0.2990                 0.2940
0.8200                 0.3010                 0.2966
0.8300                 0.3029                 0.2992
0.8400                 0.3048                 0.3018
0.8500                 0.3068                 0.3044
0.8600                 0.3086                 0.3069
0.8700                 0.3105                 0.3095
0.8800                 0.3124                 0.3120
0.8900                 0.3142                 0.3146
0.9000                 0.3160                 0.3171
0.9100                 0.3177                 0.3196
0.9200                 0.3194                 0.3221
0.9300                 0.3212                 0.3246
0.9400                 0.3229                 0.3271
0.9500                 0.3245                 0.3296
0.9600                 0.3261                 0.3321
0.9700                 0.3277                 0.3345
0.9800                 0.3293                 0.3370
0.9900                 0.3308                 0.3395
1.000                 0.3324                 0.3419
1.010                 0.3339                 0.3443
1.020                 0.3354                 0.3468
1.030                 0.3370                 0.3492
1.040                 0.3384                 0.3516
1.050                 0.3399                 0.3540
1.060                 0.3413                 0.3564
1.070                 0.3427                 0.3588
1.080                 0.3442                 0.3612
1.090                 0.3456                 0.3636
1.100                 0.3470                 0.3660
1.110                 0.3484                 0.3684
1.120                 0.3497                 0.3707
1.130                 0.3510                 0.3731
1.140                 0.3523                 0.3754
1.150                 0.3535                 0.3778
1.160                 0.3547                 0.3801
1.170                 0.3559                 0.3825
1.180                 0.3571                 0.3848
1.190                 0.3583                 0.3871
1.200                 0.3594                 0.3895
1.210                 0.3605                 0.3918
1.220                 0.3617                 0.3941
1.230                 0.3628                 0.3964
1.240                 0.3640                 0.3987
1.250                 0.3651                 0.4010
1.260                 0.3662                 0.4033
1.270                 0.3674                 0.4056
1.280                 0.3685                 0.4079
1.290                 0.3696                 0.4101
1.300                 0.3706                 0.4124
1.310                 0.3717                 0.4147
1.320                 0.3728                 0.4170
1.330                 0.3739                 0.4192
1.340                 0.3750                 0.4215
1.350                 0.3761                 0.4237
1.360                 0.3773                 0.4260
1.370                 0.3785                 0.4282
1.380                 0.3797                 0.4305
1.390                 0.3809                 0.4327
1.400                 0.3822                 0.4350
1.410                 0.3834                 0.4372
1.420                 0.3847                 0.4394
1.430                 0.3860                 0.4417
1.440                 0.3872                 0.4439
1.450                 0.3884                 0.4461
1.460                 0.3897                 0.4483
1.470                 0.3909                 0.4505
1.480                 0.3920                 0.4528
1.490                 0.3932                 0.4550
1.500                 0.3944                 0.4572
1.510                 0.3955                 0.4594
1.520                 0.3967                 0.4616
1.530                 0.3978                 0.4638
1.540                 0.3989                 0.4660
1.550                 0.4000                 0.4682
1.560                 0.4011                 0.4703
1.570                 0.4022                 0.4725
1.580                 0.4032                 0.4747
1.590                 0.4043                 0.4769
1.600                 0.4052                 0.4791