-0.3000                -0.2274                -0.2899
-0.2900                -0.2168                -0.2747
-0.2800                -0.2067                -0.2601
-0.2700                -0.1971                -0.2460
-0.2600                -0.1880                -0.2325
-0.2500                -0.1793                -0.2195
-0.2400                -0.1708                -0.2070
-0.2300                -0.1627                -0.1949
-0.2200                -0.1549                -0.1833
-0.2100                -0.1473                -0.1720
-0.2000                -0.1400                -0.1611
-0.1900                -0.1328                -0.1506
-0.1800                -0.1257                -0.1404
-0.1700                -0.1187                -0.1306
-0.1600                -0.1118                -0.1210
-0.1500                -0.1049                -0.1118
-0.1400                -9.7990E-02            -0.1028
-0.1300                -9.1000E-02            -9.4106E-02
-0.1200                -8.3890E-02            -8.5646E-02
-0.1100                -7.6730E-02            -7.7426E-02
-0.1000                -6.9530E-02            -6.9434E-02
-9.0000E-02            -6.2290E-02            -6.1659E-02
-8.0000E-02            -5.5050E-02            -5.4092E-02
-7.0000E-02            -4.7820E-02            -4.6723E-02
-6.0000E-02            -4.0610E-02            -3.9543E-02
-5.0000E-02            -3.3410E-02            -3.2545E-02
-4.0000E-02            -2.6260E-02            -2.5719E-02
-3.0000E-02            -1.9160E-02            -1.9058E-02
-2.0000E-02            -1.2130E-02            -1.2556E-02
-1.0000E-02            -5.3710E-03            -6.2055E-03
1.0000E-02             9.5380E-03             6.0664E-03
2.0000E-02             1.7450E-02             1.1999E-02
3.0000E-02             2.4890E-02             1.7804E-02
4.0000E-02             3.1980E-02             2.3487E-02
5.0000E-02             3.8760E-02             2.9051E-02
6.0000E-02             4.5340E-02             3.4503E-02
7.0000E-02             5.1730E-02             3.9845E-02
8.0000E-02             5.7940E-02             4.5083E-02
9.0000E-02             6.4000E-02             5.0221E-02
0.1000                 6.9880E-02             5.5262E-02
0.1100                 7.5610E-02             6.0210E-02
0.1200                 8.1180E-02             6.5069E-02
0.1300                 8.6640E-02             6.9841E-02
0.1400                 9.1970E-02             7.4530E-02
0.1500                 9.7160E-02             7.9140E-02
0.1600                 0.1022                 8.3672E-02
0.1700                 0.1071                 8.8130E-02
0.1800                 0.1119                 9.2516E-02
0.1900                 0.1166                 9.6833E-02
0.2000                 0.1212                 0.1011
0.2100                 0.1258                 0.1053
0.2200                 0.1302                 0.1094
0.2300                 0.1346                 0.1135
0.2400                 0.1388                 0.1175
0.2500                 0.1430                 0.1214
0.2600                 0.1471                 0.1253
0.2700                 0.1511                 0.1291
0.2800                 0.1551                 0.1329
0.2900                 0.1589                 0.1367
0.3000                 0.1627                 0.1404
0.3100                 0.1665                 0.1440
0.3200                 0.1702                 0.1476
0.3300                 0.1737                 0.1512
0.3400                 0.1773                 0.1547
0.3500                 0.1807                 0.1582
0.3600                 0.1841                 0.1616
0.3700                 0.1875                 0.1650
0.3800                 0.1907                 0.1684
0.3900                 0.1940                 0.1717
0.4000                 0.1971                 0.1750
0.4100                 0.2002                 0.1783
0.4200                 0.2032                 0.1815
0.4300                 0.2063                 0.1847
0.4400                 0.2093                 0.1879
0.4500                 0.2123                 0.1910
0.4600                 0.2152                 0.1941
0.4700                 0.2181                 0.1972
0.4800                 0.2210                 0.2002
0.4900                 0.2237                 0.2033
0.5000                 0.2265                 0.2062
0.5100                 0.2292                 0.2092
0.5200                 0.2319                 0.2122
0.5300                 0.2346                 0.2151
0.5400                 0.2372                 0.2180
0.5500                 0.2398                 0.2209
0.5600                 0.2424                 0.2237
0.5700                 0.2449                 0.2266
0.5800                 0.2475                 0.2294
0.5900                 0.2499                 0.2322
0.6000                 0.2524                 0.2349
0.6100                 0.2549                 0.2377
0.6200                 0.2573                 0.2404
0.6300                 0.2597                 0.2431
0.6400                 0.2621                 0.2458
0.6500                 0.2645                 0.2485
0.6600                 0.2668                 0.2512
0.6700                 0.2692                 0.2538
0.6800                 0.2715                 0.2564
0.6900                 0.2738                 0.2591
0.7000                 0.2761                 0.2617
0.7100                 0.2783                 0.2642
0.7200                 0.2805                 0.2668
0.7300                 0.2827                 0.2694
0.7400                 0.2849                 0.2719
0.7500                 0.2870                 0.2744
0.7600                 0.2890                 0.2769
0.7700                 0.2911                 0.2795
0.7800                 0.2931                 0.2819
0.7900                 0.2951                 0.2844
0.8000                 0.2971                 0.2869
0.8100                 0.2990                 0.2893
0.8200                 0.3010                 0.2918
0.8300                 0.3029                 0.2942
0.8400                 0.3048                 0.2966
0.8500                 0.3068                 0.2990
0.8600                 0.3086                 0.3014
0.8700                 0.3105                 0.3038
0.8800                 0.3124                 0.3062
0.8900                 0.3142                 0.3085
0.9000                 0.3160                 0.3109
0.9100                 0.3177                 0.3132
0.9200                 0.3194                 0.3156
0.9300                 0.3212                 0.3179
0.9400                 0.3229                 0.3202
0.9500                 0.3245                 0.3225
0.9600                 0.3261                 0.3248
0.9700                 0.3277                 0.3271
0.9800                 0.3293                 0.3294
0.9900                 0.3308                 0.3317
1.000                 0.3324                 0.3340
1.010                 0.3339                 0.3362
1.020                 0.3354                 0.3385
1.030                 0.3370                 0.3407
1.040                 0.3384                 0.3430
1.050                 0.3399                 0.3452
1.060                 0.3413                 0.3474
1.070                 0.3427                 0.3497
1.080                 0.3442                 0.3519
1.090                 0.3456                 0.3541
1.100                 0.3470                 0.3563
1.110                 0.3484                 0.3585
1.120                 0.3497                 0.3607
1.130                 0.3510                 0.3628
1.140                 0.3523                 0.3650
1.150                 0.3535                 0.3672
1.160                 0.3547                 0.3693
1.170                 0.3559                 0.3715
1.180                 0.3571                 0.3737
1.190                 0.3583                 0.3758
1.200                 0.3594                 0.3779
1.210                 0.3605                 0.3801
1.220                 0.3617                 0.3822
1.230                 0.3628                 0.3843
1.240                 0.3640                 0.3865
1.250                 0.3651                 0.3886
1.260                 0.3662                 0.3907
1.270                 0.3674                 0.3928
1.280                 0.3685                 0.3949
1.290                 0.3696                 0.3970
1.300                 0.3706                 0.3991
1.310                 0.3717                 0.4012
1.320                 0.3728                 0.4033
1.330                 0.3739                 0.4054
1.340                 0.3750                 0.4074
1.350                 0.3761                 0.4095
1.360                 0.3773                 0.4116
1.370                 0.3785                 0.4136
1.380                 0.3797                 0.4157
1.390                 0.3809                 0.4178
1.400                 0.3822                 0.4198
1.410                 0.3834                 0.4219
1.420                 0.3847                 0.4239
1.430                 0.3860                 0.4260
1.440                 0.3872                 0.4280
1.450                 0.3884                 0.4300
1.460                 0.3897                 0.4321
1.470                 0.3909                 0.4341
1.480                 0.3920                 0.4361
1.490                 0.3932                 0.4382
1.500                 0.3944                 0.4402
1.510                 0.3955                 0.4422
1.520                 0.3967                 0.4442
1.530                 0.3978                 0.4462
1.540                 0.3989                 0.4482
1.550                 0.4000                 0.4502
1.560                 0.4011                 0.4522
1.570                 0.4022                 0.4542
1.580                 0.4032                 0.4562
1.590                 0.4043                 0.4582
1.600                 0.4052                 0.4602