-0.3000                -0.2274                -0.2925
-0.2900                -0.2168                -0.2778
-0.2800                -0.2067                -0.2637
-0.2700                -0.1971                -0.2500
-0.2600                -0.1880                -0.2368
-0.2500                -0.1793                -0.2240
-0.2400                -0.1708                -0.2116
-0.2300                -0.1627                -0.1996
-0.2200                -0.1549                -0.1880
-0.2100                -0.1473                -0.1768
-0.2000                -0.1400                -0.1658
-0.1900                -0.1328                -0.1552
-0.1800                -0.1257                -0.1450
-0.1700                -0.1187                -0.1350
-0.1600                -0.1118                -0.1253
-0.1500                -0.1049                -0.1158
-0.1400                -9.7990E-02            -0.1066
-0.1300                -9.1000E-02            -9.7717E-02
-0.1200                -8.3890E-02            -8.9021E-02
-0.1100                -7.6730E-02            -8.0553E-02
-0.1000                -6.9530E-02            -7.2301E-02
-9.0000E-02            -6.2290E-02            -6.4258E-02
-8.0000E-02            -5.5050E-02            -5.6415E-02
-7.0000E-02            -4.7820E-02            -4.8765E-02
-6.0000E-02            -4.0610E-02            -4.1299E-02
-5.0000E-02            -3.3410E-02            -3.4010E-02
-4.0000E-02            -2.6260E-02            -2.6892E-02
-3.0000E-02            -1.9160E-02            -1.9938E-02
-2.0000E-02            -1.2130E-02            -1.3142E-02
-1.0000E-02            -5.3710E-03            -6.4977E-03
1.0000E-02             9.5380E-03             6.3566E-03
2.0000E-02             1.7450E-02             1.2577E-02
3.0000E-02             2.4890E-02             1.8667E-02
4.0000E-02             3.1980E-02             2.4630E-02
5.0000E-02             3.8760E-02             3.0471E-02
6.0000E-02             4.5340E-02             3.6194E-02
7.0000E-02             5.1730E-02             4.1804E-02
8.0000E-02             5.7940E-02             4.7303E-02
9.0000E-02             6.4000E-02             5.2697E-02
0.1000                 6.9880E-02             5.7987E-02
0.1100                 7.5610E-02             6.3179E-02
0.1200                 8.1180E-02             6.8274E-02
0.1300                 8.6640E-02             7.3276E-02
0.1400                 9.1970E-02             7.8189E-02
0.1500                 9.7160E-02             8.3014E-02
0.1600                 0.1022                 8.7755E-02
0.1700                 0.1071                 9.2414E-02
0.1800                 0.1119                 9.6994E-02
0.1900                 0.1166                 0.1015
0.2000                 0.1212                 0.1059
0.2100                 0.1258                 0.1103
0.2200                 0.1302                 0.1146
0.2300                 0.1346                 0.1188
0.2400                 0.1388                 0.1229
0.2500                 0.1430                 0.1270
0.2600                 0.1471                 0.1311
0.2700                 0.1511                 0.1350
0.2800                 0.1551                 0.1389
0.2900                 0.1589                 0.1428
0.3000                 0.1627                 0.1466
0.3100                 0.1665                 0.1503
0.3200                 0.1702                 0.1540
0.3300                 0.1737                 0.1576
0.3400                 0.1773                 0.1612
0.3500                 0.1807                 0.1648
0.3600                 0.1841                 0.1682
0.3700                 0.1875                 0.1717
0.3800                 0.1907                 0.1751
0.3900                 0.1940                 0.1785
0.4000                 0.1971                 0.1818
0.4100                 0.2002                 0.1850
0.4200                 0.2032                 0.1883
0.4300                 0.2063                 0.1915
0.4400                 0.2093                 0.1946
0.4500                 0.2123                 0.1977
0.4600                 0.2152                 0.2008
0.4700                 0.2181                 0.2039
0.4800                 0.2210                 0.2069
0.4900                 0.2237                 0.2098
0.5000                 0.2265                 0.2128
0.5100                 0.2292                 0.2157
0.5200                 0.2319                 0.2186
0.5300                 0.2346                 0.2214
0.5400                 0.2372                 0.2242
0.5500                 0.2398                 0.2270
0.5600                 0.2424                 0.2298
0.5700                 0.2449                 0.2325
0.5800                 0.2475                 0.2352
0.5900                 0.2499                 0.2379
0.6000                 0.2524                 0.2406
0.6100                 0.2549                 0.2432
0.6200                 0.2573                 0.2458
0.6300                 0.2597                 0.2484
0.6400                 0.2621                 0.2509
0.6500                 0.2645                 0.2534
0.6600                 0.2668                 0.2559
0.6700                 0.2692                 0.2584
0.6800                 0.2715                 0.2609
0.6900                 0.2738                 0.2633
0.7000                 0.2761                 0.2657
0.7100                 0.2783                 0.2681
0.7200                 0.2805                 0.2705
0.7300                 0.2827                 0.2728
0.7400                 0.2849                 0.2752
0.7500                 0.2870                 0.2775
0.7600                 0.2890                 0.2798
0.7700                 0.2911                 0.2821
0.7800                 0.2931                 0.2843
0.7900                 0.2951                 0.2866
0.8000                 0.2971                 0.2888
0.8100                 0.2990                 0.2910
0.8200                 0.3010                 0.2932
0.8300                 0.3029                 0.2954
0.8400                 0.3048                 0.2975
0.8500                 0.3068                 0.2997
0.8600                 0.3086                 0.3018
0.8700                 0.3105                 0.3039
0.8800                 0.3124                 0.3060
0.8900                 0.3142                 0.3081
0.9000                 0.3160                 0.3101
0.9100                 0.3177                 0.3122
0.9200                 0.3194                 0.3142
0.9300                 0.3212                 0.3162
0.9400                 0.3229                 0.3183
0.9500                 0.3245                 0.3202
0.9600                 0.3261                 0.3222
0.9700                 0.3277                 0.3242
0.9800                 0.3293                 0.3262
0.9900                 0.3308                 0.3281
1.000                 0.3324                 0.3300
1.010                 0.3339                 0.3320
1.020                 0.3354                 0.3339
1.030                 0.3370                 0.3358
1.040                 0.3384                 0.3377
1.050                 0.3399                 0.3395
1.060                 0.3413                 0.3414
1.070                 0.3427                 0.3432
1.080                 0.3442                 0.3451
1.090                 0.3456                 0.3469
1.100                 0.3470                 0.3487
1.110                 0.3484                 0.3505
1.120                 0.3497                 0.3523
1.130                 0.3510                 0.3541
1.140                 0.3523                 0.3559
1.150                 0.3535                 0.3577
1.160                 0.3547                 0.3595
1.170                 0.3559                 0.3612
1.180                 0.3571                 0.3629
1.190                 0.3583                 0.3647
1.200                 0.3594                 0.3664
1.210                 0.3605                 0.3681
1.220                 0.3617                 0.3698
1.230                 0.3628                 0.3715
1.240                 0.3640                 0.3732
1.250                 0.3651                 0.3749
1.260                 0.3662                 0.3766
1.270                 0.3674                 0.3782
1.280                 0.3685                 0.3799
1.290                 0.3696                 0.3815
1.300                 0.3706                 0.3832
1.310                 0.3717                 0.3848
1.320                 0.3728                 0.3865
1.330                 0.3739                 0.3881
1.340                 0.3750                 0.3897
1.350                 0.3761                 0.3913
1.360                 0.3773                 0.3929
1.370                 0.3785                 0.3945
1.380                 0.3797                 0.3961
1.390                 0.3809                 0.3976
1.400                 0.3822                 0.3992
1.410                 0.3834                 0.4008
1.420                 0.3847                 0.4023
1.430                 0.3860                 0.4039
1.440                 0.3872                 0.4054
1.450                 0.3884                 0.4070
1.460                 0.3897                 0.4085
1.470                 0.3909                 0.4100
1.480                 0.3920                 0.4115
1.490                 0.3932                 0.4130
1.500                 0.3944                 0.4146
1.510                 0.3955                 0.4161
1.520                 0.3967                 0.4176
1.530                 0.3978                 0.4190
1.540                 0.3989                 0.4205
1.550                 0.4000                 0.4220
1.560                 0.4011                 0.4235
1.570                 0.4022                 0.4249
1.580                 0.4032                 0.4264
1.590                 0.4043                 0.4279
1.600                 0.4052                 0.4293