-0.3000                -0.2274                -0.2819
-0.2900                -0.2168                -0.2686
-0.2800                -0.2067                -0.2557
-0.2700                -0.1971                -0.2432
-0.2600                -0.1880                -0.2310
-0.2500                -0.1793                -0.2192
-0.2400                -0.1708                -0.2077
-0.2300                -0.1627                -0.1966
-0.2200                -0.1549                -0.1857
-0.2100                -0.1473                -0.1751
-0.2000                -0.1400                -0.1648
-0.1900                -0.1328                -0.1548
-0.1800                -0.1257                -0.1450
-0.1700                -0.1187                -0.1354
-0.1600                -0.1118                -0.1261
-0.1500                -0.1049                -0.1169
-0.1400                -9.7990E-02            -0.1080
-0.1300                -9.1000E-02            -9.9254E-02
-0.1200                -8.3890E-02            -9.0703E-02
-0.1100                -7.6730E-02            -8.2328E-02
-0.1000                -6.9530E-02            -7.4124E-02
-9.0000E-02            -6.2290E-02            -6.6083E-02
-8.0000E-02            -5.5050E-02            -5.8198E-02
-7.0000E-02            -4.7820E-02            -5.0461E-02
-6.0000E-02            -4.0610E-02            -4.2868E-02
-5.0000E-02            -3.3410E-02            -3.5412E-02
-4.0000E-02            -2.6260E-02            -2.8087E-02
-3.0000E-02            -1.9160E-02            -2.0889E-02
-2.0000E-02            -1.2130E-02            -1.3811E-02
-1.0000E-02            -5.3710E-03            -6.8497E-03
1.0000E-02             9.5380E-03             6.7142E-03
2.0000E-02             1.7450E-02             1.3270E-02
3.0000E-02             2.4890E-02             1.9674E-02
4.0000E-02             3.1980E-02             2.5931E-02
5.0000E-02             3.8760E-02             3.2048E-02
6.0000E-02             4.5340E-02             3.8029E-02
7.0000E-02             5.1730E-02             4.3880E-02
8.0000E-02             5.7940E-02             4.9604E-02
9.0000E-02             6.4000E-02             5.5208E-02
0.1000                 6.9880E-02             6.0694E-02
0.1100                 7.5610E-02             6.6068E-02
0.1200                 8.1180E-02             7.1333E-02
0.1300                 8.6640E-02             7.6493E-02
0.1400                 9.1970E-02             8.1552E-02
0.1500                 9.7160E-02             8.6512E-02
0.1600                 0.1022                 9.1378E-02
0.1700                 0.1071                 9.6152E-02
0.1800                 0.1119                 0.1008
0.1900                 0.1166                 0.1054
0.2000                 0.1212                 0.1100
0.2100                 0.1258                 0.1144
0.2200                 0.1302                 0.1187
0.2300                 0.1346                 0.1230
0.2400                 0.1388                 0.1272
0.2500                 0.1430                 0.1314
0.2600                 0.1471                 0.1355
0.2700                 0.1511                 0.1395
0.2800                 0.1551                 0.1434
0.2900                 0.1589                 0.1473
0.3000                 0.1627                 0.1511
0.3100                 0.1665                 0.1548
0.3200                 0.1702                 0.1585
0.3300                 0.1737                 0.1622
0.3400                 0.1773                 0.1658
0.3500                 0.1807                 0.1693
0.3600                 0.1841                 0.1728
0.3700                 0.1875                 0.1762
0.3800                 0.1907                 0.1796
0.3900                 0.1940                 0.1829
0.4000                 0.1971                 0.1862
0.4100                 0.2002                 0.1895
0.4200                 0.2032                 0.1927
0.4300                 0.2063                 0.1958
0.4400                 0.2093                 0.1990
0.4500                 0.2123                 0.2020
0.4600                 0.2152                 0.2051
0.4700                 0.2181                 0.2081
0.4800                 0.2210                 0.2110
0.4900                 0.2237                 0.2139
0.5000                 0.2265                 0.2168
0.5100                 0.2292                 0.2197
0.5200                 0.2319                 0.2225
0.5300                 0.2346                 0.2253
0.5400                 0.2372                 0.2280
0.5500                 0.2398                 0.2308
0.5600                 0.2424                 0.2334
0.5700                 0.2449                 0.2361
0.5800                 0.2475                 0.2387
0.5900                 0.2499                 0.2413
0.6000                 0.2524                 0.2439
0.6100                 0.2549                 0.2464
0.6200                 0.2573                 0.2489
0.6300                 0.2597                 0.2514
0.6400                 0.2621                 0.2539
0.6500                 0.2645                 0.2563
0.6600                 0.2668                 0.2587
0.6700                 0.2692                 0.2611
0.6800                 0.2715                 0.2635
0.6900                 0.2738                 0.2658
0.7000                 0.2761                 0.2681
0.7100                 0.2783                 0.2704
0.7200                 0.2805                 0.2726
0.7300                 0.2827                 0.2749
0.7400                 0.2849                 0.2771
0.7500                 0.2870                 0.2793
0.7600                 0.2890                 0.2815
0.7700                 0.2911                 0.2836
0.7800                 0.2931                 0.2858
0.7900                 0.2951                 0.2879
0.8000                 0.2971                 0.2900
0.8100                 0.2990                 0.2920
0.8200                 0.3010                 0.2941
0.8300                 0.3029                 0.2961
0.8400                 0.3048                 0.2981
0.8500                 0.3068                 0.3001
0.8600                 0.3086                 0.3021
0.8700                 0.3105                 0.3041
0.8800                 0.3124                 0.3060
0.8900                 0.3142                 0.3080
0.9000                 0.3160                 0.3099
0.9100                 0.3177                 0.3118
0.9200                 0.3194                 0.3137
0.9300                 0.3212                 0.3155
0.9400                 0.3229                 0.3174
0.9500                 0.3245                 0.3192
0.9600                 0.3261                 0.3210
0.9700                 0.3277                 0.3228
0.9800                 0.3293                 0.3246
0.9900                 0.3308                 0.3264
1.000                 0.3324                 0.3281
1.010                 0.3339                 0.3299
1.020                 0.3354                 0.3316
1.030                 0.3370                 0.3333
1.040                 0.3384                 0.3350
1.050                 0.3399                 0.3367
1.060                 0.3413                 0.3383
1.070                 0.3427                 0.3400
1.080                 0.3442                 0.3416
1.090                 0.3456                 0.3433
1.100                 0.3470                 0.3449
1.110                 0.3484                 0.3465
1.120                 0.3497                 0.3481
1.130                 0.3510                 0.3497
1.140                 0.3523                 0.3512
1.150                 0.3535                 0.3528
1.160                 0.3547                 0.3543
1.170                 0.3559                 0.3558
1.180                 0.3571                 0.3574
1.190                 0.3583                 0.3589
1.200                 0.3594                 0.3604
1.210                 0.3605                 0.3618
1.220                 0.3617                 0.3633
1.230                 0.3628                 0.3648
1.240                 0.3640                 0.3662
1.250                 0.3651                 0.3677
1.260                 0.3662                 0.3691
1.270                 0.3674                 0.3705
1.280                 0.3685                 0.3719
1.290                 0.3696                 0.3733
1.300                 0.3706                 0.3747
1.310                 0.3717                 0.3760
1.320                 0.3728                 0.3774
1.330                 0.3739                 0.3788
1.340                 0.3750                 0.3801
1.350                 0.3761                 0.3814
1.360                 0.3773                 0.3828
1.370                 0.3785                 0.3841
1.380                 0.3797                 0.3854
1.390                 0.3809                 0.3867
1.400                 0.3822                 0.3879
1.410                 0.3834                 0.3892
1.420                 0.3847                 0.3905
1.430                 0.3860                 0.3917
1.440                 0.3872                 0.3930
1.450                 0.3884                 0.3942
1.460                 0.3897                 0.3954
1.470                 0.3909                 0.3966
1.480                 0.3920                 0.3978
1.490                 0.3932                 0.3990
1.500                 0.3944                 0.4002
1.510                 0.3955                 0.4014
1.520                 0.3967                 0.4025
1.530                 0.3978                 0.4037
1.540                 0.3989                 0.4049
1.550                 0.4000                 0.4060
1.560                 0.4011                 0.4071
1.570                 0.4022                 0.4083
1.580                 0.4032                 0.4094
1.590                 0.4043                 0.4105
1.600                 0.4052                 0.4116