-0.3000                -0.2274                -0.2845
-0.2900                -0.2168                -0.2708
-0.2800                -0.2067                -0.2575
-0.2700                -0.1971                -0.2446
-0.2600                -0.1880                -0.2321
-0.2500                -0.1793                -0.2199
-0.2400                -0.1708                -0.2081
-0.2300                -0.1627                -0.1967
-0.2200                -0.1549                -0.1856
-0.2100                -0.1473                -0.1747
-0.2000                -0.1400                -0.1642
-0.1900                -0.1328                -0.1540
-0.1800                -0.1257                -0.1440
-0.1700                -0.1187                -0.1343
-0.1600                -0.1118                -0.1248
-0.1500                -0.1049                -0.1156
-0.1400                -9.7990E-02            -0.1065
-0.1300                -9.1000E-02            -9.7760E-02
-0.1200                -8.3890E-02            -8.9180E-02
-0.1100                -7.6730E-02            -8.0801E-02
-0.1000                -6.9530E-02            -7.2617E-02
-9.0000E-02            -6.2290E-02            -6.4619E-02
-8.0000E-02            -5.5050E-02            -5.6801E-02
-7.0000E-02            -4.7820E-02            -4.9156E-02
-6.0000E-02            -4.0610E-02            -4.1679E-02
-5.0000E-02            -3.3410E-02            -3.4362E-02
-4.0000E-02            -2.6260E-02            -2.7200E-02
-3.0000E-02            -1.9160E-02            -2.0188E-02
-2.0000E-02            -1.2130E-02            -1.3320E-02
-1.0000E-02            -5.3710E-03            -6.5926E-03
1.0000E-02             9.5380E-03             6.4621E-03
2.0000E-02             1.7450E-02             1.2798E-02
3.0000E-02             2.4890E-02             1.9012E-02
4.0000E-02             3.1980E-02             2.5107E-02
5.0000E-02             3.8760E-02             3.1088E-02
6.0000E-02             4.5340E-02             3.6957E-02
7.0000E-02             5.1730E-02             4.2719E-02
8.0000E-02             5.7940E-02             4.8377E-02
9.0000E-02             6.4000E-02             5.3933E-02
0.1000                 6.9880E-02             5.9391E-02
0.1100                 7.5610E-02             6.4754E-02
0.1200                 8.1180E-02             7.0024E-02
0.1300                 8.6640E-02             7.5204E-02
0.1400                 9.1970E-02             8.0296E-02
0.1500                 9.7160E-02             8.5303E-02
0.1600                 0.1022                 9.0227E-02
0.1700                 0.1071                 9.5071E-02
0.1800                 0.1119                 9.9836E-02
0.1900                 0.1166                 0.1045
0.2000                 0.1212                 0.1091
0.2100                 0.1258                 0.1137
0.2200                 0.1302                 0.1182
0.2300                 0.1346                 0.1226
0.2400                 0.1388                 0.1269
0.2500                 0.1430                 0.1312
0.2600                 0.1471                 0.1354
0.2700                 0.1511                 0.1395
0.2800                 0.1551                 0.1436
0.2900                 0.1589                 0.1476
0.3000                 0.1627                 0.1516
0.3100                 0.1665                 0.1555
0.3200                 0.1702                 0.1593
0.3300                 0.1737                 0.1631
0.3400                 0.1773                 0.1669
0.3500                 0.1807                 0.1705
0.3600                 0.1841                 0.1742
0.3700                 0.1875                 0.1778
0.3800                 0.1907                 0.1813
0.3900                 0.1940                 0.1848
0.4000                 0.1971                 0.1882
0.4100                 0.2002                 0.1916
0.4200                 0.2032                 0.1950
0.4300                 0.2063                 0.1983
0.4400                 0.2093                 0.2015
0.4500                 0.2123                 0.2048
0.4600                 0.2152                 0.2079
0.4700                 0.2181                 0.2111
0.4800                 0.2210                 0.2142
0.4900                 0.2237                 0.2172
0.5000                 0.2265                 0.2202
0.5100                 0.2292                 0.2232
0.5200                 0.2319                 0.2261
0.5300                 0.2346                 0.2290
0.5400                 0.2372                 0.2319
0.5500                 0.2398                 0.2347
0.5600                 0.2424                 0.2375
0.5700                 0.2449                 0.2403
0.5800                 0.2475                 0.2430
0.5900                 0.2499                 0.2457
0.6000                 0.2524                 0.2483
0.6100                 0.2549                 0.2510
0.6200                 0.2573                 0.2535
0.6300                 0.2597                 0.2561
0.6400                 0.2621                 0.2586
0.6500                 0.2645                 0.2611
0.6600                 0.2668                 0.2636
0.6700                 0.2692                 0.2660
0.6800                 0.2715                 0.2684
0.6900                 0.2738                 0.2708
0.7000                 0.2761                 0.2731
0.7100                 0.2783                 0.2754
0.7200                 0.2805                 0.2777
0.7300                 0.2827                 0.2800
0.7400                 0.2849                 0.2822
0.7500                 0.2870                 0.2844
0.7600                 0.2890                 0.2866
0.7700                 0.2911                 0.2888
0.7800                 0.2931                 0.2909
0.7900                 0.2951                 0.2930
0.8000                 0.2971                 0.2951
0.8100                 0.2990                 0.2971
0.8200                 0.3010                 0.2991
0.8300                 0.3029                 0.3011
0.8400                 0.3048                 0.3031
0.8500                 0.3068                 0.3051
0.8600                 0.3086                 0.3070
0.8700                 0.3105                 0.3089
0.8800                 0.3124                 0.3108
0.8900                 0.3142                 0.3126
0.9000                 0.3160                 0.3145
0.9100                 0.3177                 0.3163
0.9200                 0.3194                 0.3181
0.9300                 0.3212                 0.3199
0.9400                 0.3229                 0.3216
0.9500                 0.3245                 0.3233
0.9600                 0.3261                 0.3251
0.9700                 0.3277                 0.3267
0.9800                 0.3293                 0.3284
0.9900                 0.3308                 0.3301
1.000                 0.3324                 0.3317
1.010                 0.3339                 0.3333
1.020                 0.3354                 0.3349
1.030                 0.3370                 0.3365
1.040                 0.3384                 0.3380
1.050                 0.3399                 0.3396
1.060                 0.3413                 0.3411
1.070                 0.3427                 0.3426
1.080                 0.3442                 0.3441
1.090                 0.3456                 0.3455
1.100                 0.3470                 0.3470
1.110                 0.3484                 0.3484
1.120                 0.3497                 0.3498
1.130                 0.3510                 0.3512
1.140                 0.3523                 0.3526
1.150                 0.3535                 0.3540
1.160                 0.3547                 0.3553
1.170                 0.3559                 0.3567
1.180                 0.3571                 0.3580
1.190                 0.3583                 0.3593
1.200                 0.3594                 0.3606
1.210                 0.3605                 0.3619
1.220                 0.3617                 0.3631
1.230                 0.3628                 0.3644
1.240                 0.3640                 0.3656
1.250                 0.3651                 0.3668
1.260                 0.3662                 0.3681
1.270                 0.3674                 0.3692
1.280                 0.3685                 0.3704
1.290                 0.3696                 0.3716
1.300                 0.3706                 0.3728
1.310                 0.3717                 0.3739
1.320                 0.3728                 0.3750
1.330                 0.3739                 0.3762
1.340                 0.3750                 0.3773
1.350                 0.3761                 0.3784
1.360                 0.3773                 0.3795
1.370                 0.3785                 0.3806
1.380                 0.3797                 0.3816
1.390                 0.3809                 0.3827
1.400                 0.3822                 0.3837
1.410                 0.3834                 0.3848
1.420                 0.3847                 0.3858
1.430                 0.3860                 0.3868
1.440                 0.3872                 0.3878
1.450                 0.3884                 0.3888
1.460                 0.3897                 0.3898
1.470                 0.3909                 0.3908
1.480                 0.3920                 0.3918
1.490                 0.3932                 0.3928
1.500                 0.3944                 0.3938
1.510                 0.3955                 0.3947
1.520                 0.3967                 0.3957
1.530                 0.3978                 0.3966
1.540                 0.3989                 0.3976
1.550                 0.4000                 0.3985
1.560                 0.4011                 0.3994
1.570                 0.4022                 0.4003
1.580                 0.4032                 0.4013
1.590                 0.4043                 0.4022
1.600                 0.4052                 0.4031